0.0021491,0.0023603,0.0024352,0.0023603,0.0021491,0.0018382,0.0014771,0.0011149,0.00079061,0.00052666,0,0.00079061,0.0011868,0.0016737,0.0022173,0.0027595,0.0032262,0.0035433,0.0036557,0.0035433,0.0032262,0.0027595,0.0022173,0.0016737,0.0011868,0.0013173,0.00079061,0.0011149,0.0014771,0.0018382,0.0021491,0.0023603,0.0024352,0.0023603,0.0021491,0.0018382,0.0014771,0.0011149,0.00079061,0.00052666,0,0,0.00079061,0.0011868,0.0016737,0.0022173,0.0027595,0.0032262,0.0035433,0.0036557,0.0035433,0.0032262,0.0027595,0.0022173,0.0016737,0.0011868,0.00079061,0,0,0,0,0,0,0,0,0,0,0,0,0,0,0,0,0,0,0,0,0.0014771,0.0022173,0.0031269,0.0041425,0.0051554,0.0060273,0.0066197,0.0068298,0.0066197,0.0060273,0.0051554,0.0041425,0.0031269,0.0036944,0.0036944,0.0031269,0.0041425,0.0051554,0.0060273,0.0066197,0.0068298,0.0066197,0.0060273,0.0051554,0.0041425,0.0031269,0.0022173,0.0014771,0,0,0,0.00079061,0.0011868,0.0016737,0.0022173
0.0032262,0.0035433,0.0036557,0.0035433,0.0032262,0.0027595,0.0022173,0.0016737,0.0011868,0.00079061,0,0.0011149,0.0016737,0.0023603,0.0031269,0.0038915,0.0045496,0.0049968,0.0051554,0.0049968,0.0045496,0.0038915,0.0031269,0.0023603,0.0016737,0.0019055,0.0011868,0.0016737,0.0022173,0.0027595,0.0032262,0.0035433,0.0036557,0.0035433,0.0032262,0.0027595,0.0022173,0.0016737,0.0011868,0.00079061,0,0,0.0011149,0.0016737,0.0023603,0.0031269,0.0038915,0.0045496,0.0049968,0.0051554,0.0049968,0.0045496,0.0038915,0.0031269,0.0023603,0.0016737,0.0011149,0,0,0,0,0,0,0,0,0,0,0,0,0,0,0,0,0,0,0,0,0.0018382,0.0027595,0.0038915,0.0051554,0.006416,0.0075011,0.0082383,0.0084999,0.0082383,0.0075011,0.006416,0.0051554,0.0038915,0.0045977,0.0045977,0.0038915,0.0051554,0.006416,0.0075011,0.0082383,0.0084999,0.0082383,0.0075011,0.006416,0.0051554,0.0038915,0.0027595,0.0018382,0,0,0,0.0011149,0.0016737,0.0023603,0.0031269
0.0045496,0.0049968,0.0051554,0.0049968,0.0045496,0.0038915,0.0031269,0.0023603,0.0016737,0.0011149,0,0.0014771,0.0022173,0.0031269,0.0041425,0.0051554,0.0060273,0.0066197,0.0068298,0.0066197,0.0060273,0.0051554,0.0041425,0.0031269,0.0022173,0.002592,0.0016737,0.0023603,0.0031269,0.0038915,0.0045496,0.0049968,0.0051554,0.0049968,0.0045496,0.0038915,0.0031269,0.0023603,0.0016737,0.0011149,0,0,0.0014771,0.0022173,0.0031269,0.0041425,0.0051554,0.0060273,0.0066197,0.0068298,0.0066197,0.0060273,0.0051554,0.0041425,0.0031269,0.0022173,0.0014771,0,0,0,0,0,0,0,0,0,0,0,0,0,0,0,0,0,0,0,0,0.0021491,0.0032262,0.0045496,0.0060273,0.0075011,0.0087697,0.0096316,0.0099373,0.0096316,0.0087697,0.0075011,0.0060273,0.0045496,0.0053753,0.0053753,0.0045496,0.0060273,0.0075011,0.0087697,0.0096316,0.0099373,0.0096316,0.0087697,0.0075011,0.0060273,0.0045496,0.0032262,0.0021491,0,0,0,0.0014771,0.0022173,0.0031269,0.0041425
0.0060273,0.0066197,0.0068298,0.0066197,0.0060273,0.0051554,0.0041425,0.0031269,0.0022173,0.0014771,0,0.0018382,0.0027595,0.0038915,0.0051554,0.006416,0.0075011,0.0082383,0.0084999,0.0082383,0.0075011,0.006416,0.0051554,0.0038915,0.0027595,0.0033153,0.0022173,0.0031269,0.0041425,0.0051554,0.0060273,0.0066197,0.0068298,0.0066197,0.0060273,0.0051554,0.0041425,0.0031269,0.0022173,0.0014771,0,0,0.0018382,0.0027595,0.0038915,0.0051554,0.006416,0.0075011,0.0082383,0.0084999,0.0082383,0.0075011,0.006416,0.0051554,0.0038915,0.0027595,0.0018382,0,0,0,0,0,0,0,0,0,0,0,0,0,0,0,0,0,0,0,0,0.0023603,0.0035433,0.0049968,0.0066197,0.0082383,0.0096316,0.010578,0.010914,0.010578,0.0096316,0.0082383,0.0066197,0.0049968,0.0059036,0.0059036,0.0049968,0.0066197,0.0082383,0.0096316,0.010578,0.010914,0.010578,0.0096316,0.0082383,0.0066197,0.0049968,0.0035433,0.0023603,0,0,0,0.0018382,0.0027595,0.0038915,0.0051554
0.0075011,0.0082383,0.0084999,0.0082383,0.0075011,0.006416,0.0051554,0.0038915,0.0027595,0.0018382,0,0.0021491,0.0032262,0.0045496,0.0060273,0.0075011,0.0087697,0.0096316,0.0099373,0.0096316,0.0087697,0.0075011,0.0060273,0.0045496,0.0032262,0.0039873,0.0027595,0.0038915,0.0051554,0.006416,0.0075011,0.0082383,0.0084999,0.0082383,0.0075011,0.006416,0.0051554,0.0038915,0.0027595,0.0018382,0,0,0.0021491,0.0032262,0.0045496,0.0060273,0.0075011,0.0087697,0.0096316,0.0099373,0.0096316,0.0087697,0.0075011,0.0060273,0.0045496,0.0032262,0.0021491,0,0,0,0,0,0,0,0,0,0,0,0,0,0,0,0,0,0,0,0,0.0024352,0.0036557,0.0051554,0.0068298,0.0084999,0.0099373,0.010914,0.01126,0.010914,0.0099373,0.0084999,0.0068298,0.0051554,0.006091,0.006091,0.0051554,0.0068298,0.0084999,0.0099373,0.010914,0.01126,0.010914,0.0099373,0.0084999,0.0068298,0.0051554,0.0036557,0.0024352,0,0,0,0.0021491,0.0032262,0.0045496,0.0060273
0.0087697,0.0096316,0.0099373,0.0096316,0.0087697,0.0075011,0.0060273,0.0045496,0.0032262,0.0021491,0,0.0023603,0.0035433,0.0049968,0.0066197,0.0082383,0.0096316,0.010578,0.010914,0.010578,0.0096316,0.0082383,0.0066197,0.0049968,0.0035433,0.0045094,0.0032262,0.0045496,0.0060273,0.0075011,0.0087697,0.0096316,0.0099373,0.0096316,0.0087697,0.0075011,0.0060273,0.0045496,0.0032262,0.0021491,0,0,0.0023603,0.0035433,0.0049968,0.0066197,0.0082383,0.0096316,0.010578,0.010914,0.010578,0.0096316,0.0082383,0.0066197,0.0049968,0.0035433,0.0023603,0,0,0,0,0,0,0,0,0,0,0,0,0,0,0,0,0,0,0,0,0.0023603,0.0035433,0.0049968,0.0066197,0.0082383,0.0096316,0.010578,0.010914,0.010578,0.0096316,0.0082383,0.0066197,0.0049968,0.0059036,0.0059036,0.0049968,0.0066197,0.0082383,0.0096316,0.010578,0.010914,0.010578,0.0096316,0.0082383,0.0066197,0.0049968,0.0035433,0.0023603,0,0,0,0.0023603,0.0035433,0.0049968,0.0066197
0.0096316,0.010578,0.010914,0.010578,0.0096316,0.0082383,0.0066197,0.0049968,0.0035433,0.0023603,0,0.0024352,0.0036557,0.0051554,0.0068298,0.0084999,0.0099373,0.010914,0.01126,0.010914,0.0099373,0.0084999,0.0068298,0.0051554,0.0036557,0.0047956,0.0035433,0.0049968,0.0066197,0.0082383,0.0096316,0.010578,0.010914,0.010578,0.0096316,0.0082383,0.0066197,0.0049968,0.0035433,0.0023603,0,0,0.0024352,0.0036557,0.0051554,0.0068298,0.0084999,0.0099373,0.010914,0.01126,0.010914,0.0099373,0.0084999,0.0068298,0.0051554,0.0036557,0.0024352,0,0,0,0,0,0,0,0,0,0,0,0,0,0,0,0,0,0,0,0,0.0021491,0.0032262,0.0045496,0.0060273,0.0075011,0.0087697,0.0096316,0.0099373,0.0096316,0.0087697,0.0075011,0.0060273,0.0045496,0.0053753,0.0053753,0.0045496,0.0060273,0.0075011,0.0087697,0.0096316,0.0099373,0.0096316,0.0087697,0.0075011,0.0060273,0.0045496,0.0032262,0.0021491,0,0,0,0.0024352,0.0036557,0.0051554,0.0068298
0.0099373,0.010914,0.01126,0.010914,0.0099373,0.0084999,0.0068298,0.0051554,0.0036557,0.0024352,0,0.0023603,0.0035433,0.0049968,0.0066197,0.0082383,0.0096316,0.010578,0.010914,0.010578,0.0096316,0.0082383,0.0066197,0.0049968,0.0035433,0.0047956,0.0036557,0.0051554,0.0068298,0.0084999,0.0099373,0.010914,0.01126,0.010914,0.0099373,0.0084999,0.0068298,0.0051554,0.0036557,0.0024352,0,0,0.0023603,0.0035433,0.0049968,0.0066197,0.0082383,0.0096316,0.010578,0.010914,0.010578,0.0096316,0.0082383,0.0066197,0.0049968,0.0035433,0.0023603,0,0,0,0,0,0,0,0,0,0,0,0,0,0,0,0,0,0,0,0,0.0018382,0.0027595,0.0038915,0.0051554,0.006416,0.0075011,0.0082383,0.0084999,0.0082383,0.0075011,0.006416,0.0051554,0.0038915,0.0045977,0.0045977,0.0038915,0.0051554,0.006416,0.0075011,0.0082383,0.0084999,0.0082383,0.0075011,0.006416,0.0051554,0.0038915,0.0027595,0.0018382,0,0,0,0.0023603,0.0035433,0.0049968,0.0066197
0.0096316,0.010578,0.010914,0.010578,0.0096316,0.0082383,0.0066197,0.0049968,0.0035433,0.0023603,0,0.0021491,0.0032262,0.0045496,0.0060273,0.0075011,0.0087697,0.0096316,0.0099373,0.0096316,0.0087697,0.0075011,0.0060273,0.0045496,0.0032262,0.0045094,0.0035433,0.0049968,0.0066197,0.0082383,0.0096316,0.010578,0.010914,0.010578,0.0096316,0.0082383,0.0066197,0.0049968,0.0035433,0.0023603,0,0,0.0021491,0.0032262,0.0045496,0.0060273,0.0075011,0.0087697,0.0096316,0.0099373,0.0096316,0.0087697,0.0075011,0.0060273,0.0045496,0.0032262,0.0021491,0,0,0,0,0,0,0,0,0,0,0,0,0,0,0,0,0,0,0,0,0.0014771,0.0022173,0.0031269,0.0041425,0.0051554,0.0060273,0.0066197,0.0068298,0.0066197,0.0060273,0.0051554,0.0041425,0.0031269,0.0036944,0.0036944,0.0031269,0.0041425,0.0051554,0.0060273,0.0066197,0.0068298,0.0066197,0.0060273,0.0051554,0.0041425,0.0031269,0.0022173,0.0014771,0,0,0,0.0021491,0.0032262,0.0045496,0.0060273
0.0087697,0.0096316,0.0099373,0.0096316,0.0087697,0.0075011,0.0060273,0.0045496,0.0032262,0.0021491,0,0.0018382,0.0027595,0.0038915,0.0051554,0.006416,0.0075011,0.0082383,0.0084999,0.0082383,0.0075011,0.006416,0.0051554,0.0038915,0.0027595,0.0039873,0.0032262,0.0045496,0.0060273,0.0075011,0.0087697,0.0096316,0.0099373,0.0096316,0.0087697,0.0075011,0.0060273,0.0045496,0.0032262,0.0021491,0,0,0.0018382,0.0027595,0.0038915,0.0051554,0.006416,0.0075011,0.0082383,0.0084999,0.0082383,0.0075011,0.006416,0.0051554,0.0038915,0.0027595,0.0018382,0,0,0,0,0,0,0,0,0,0,0,0,0,0,0,0,0,0,0,0,0.0011149,0.0016737,0.0023603,0.0031269,0.0038915,0.0045496,0.0049968,0.0051554,0.0049968,0.0045496,0.0038915,0.0031269,0.0023603,0.0027887,0.0027887,0.0023603,0.0031269,0.0038915,0.0045496,0.0049968,0.0051554,0.0049968,0.0045496,0.0038915,0.0031269,0.0023603,0.0016737,0.0011149,0,0,0,0.0018382,0.0027595,0.0038915,0.0051554
0.0075011,0.0082383,0.0084999,0.0082383,0.0075011,0.006416,0.0051554,0.0038915,0.0027595,0.0018382,0,0.0014771,0.0022173,0.0031269,0.0041425,0.0051554,0.0060273,0.0066197,0.0068298,0.0066197,0.0060273,0.0051554,0.0041425,0.0031269,0.0022173,0.0033153,0.0027595,0.0038915,0.0051554,0.006416,0.0075011,0.0082383,0.0084999,0.0082383,0.0075011,0.006416,0.0051554,0.0038915,0.0027595,0.0018382,0,0,0.0014771,0.0022173,0.0031269,0.0041425,0.0051554,0.0060273,0.0066197,0.0068298,0.0066197,0.0060273,0.0051554,0.0041425,0.0031269,0.0022173,0.0014771,0,0,0,0,0,0,0,0,0,0,0,0,0,0,0,0,0,0,0,0,0.00079061,0.0011868,0.0016737,0.0022173,0.0027595,0.0032262,0.0035433,0.0036557,0.0035433,0.0032262,0.0027595,0.0022173,0.0016737,0.0019775,0.0019775,0.0016737,0.0022173,0.0027595,0.0032262,0.0035433,0.0036557,0.0035433,0.0032262,0.0027595,0.0022173,0.0016737,0.0011868,0.00079061,0,0,0,0.0014771,0.0022173,0.0031269,0.0041425
0.0060273,0.0066197,0.0068298,0.0066197,0.0060273,0.0051554,0.0041425,0.0031269,0.0022173,0.0014771,0,0.0011149,0.0016737,0.0023603,0.0031269,0.0038915,0.0045496,0.0049968,0.0051554,0.0049968,0.0045496,0.0038915,0.0031269,0.0023603,0.0016737,0.002592,0.002744,0.0039175,0.0052574,0.0066325,0.0078655,0.0087688,0.0091901,0.0090549,0.0083876,0.0073045,0.0059807,0.004604,0.0033323,0.0022677,0.00052666,0,0.0011149,0.0016737,0.0023603,0.0031269,0.0038915,0.0045496,0.0049968,0.0051554,0.0049968,0.0045496,0.0038915,0.0031269,0.0023603,0.0016737,0.0011149,0,0,0,0,0,0,0,0,0,0,0,0,0,0,0,0,0,0,0,0,0.00052666,0.00079061,0.0011149,0.0014771,0.0018382,0.0021491,0.0023603,0.0024352,0.0023603,0.0021491,0.0018382,0.0014771,0.0011149,0.0013173,0.0013173,0.0011149,0.0014771,0.0018382,0.0021491,0.0023603,0.0024352,0.0023603,0.0021491,0.0018382,0.0014771,0.0011149,0.00079061,0.00052666,0,0,0,0.0011149,0.0016737,0.0023603,0.0031269
0.0045496,0.0049968,0.0051554,0.0049968,0.0045496,0.0038915,0.0031269,0.0023603,0.0016737,0.0011149,0,0.00079061,0.0011868,0.0016737,0.0022173,0.0027595,0.0032262,0.0035433,0.0036557,0.0035433,0.0032262,0.0027595,0.0022173,0.0016737,0.0011868,0.0019055,0.0024643,0.0035472,0.0048006,0.0061088,0.0073091,0.008223,0.0086987,0.0086525,0.0080929,0.0071177,0.0058864,0.0045776,0.0033474,0.0023018,0.00079061,0,0.00079061,0.0011868,0.0016737,0.0022173,0.0027595,0.0032262,0.0035433,0.0036557,0.0035433,0.0032262,0.0027595,0.0022173,0.0016737,0.0011868,0.00079061,0,0,0.00052666,0.00079061,0.0011149,0.0014771,0.0018382,0.0021491,0.0023603,0.0024352,0.0023603,0.0021491,0.0018382,0.0014771,0.0011149,0.00079061,0.00052666,0,0,0,0,0,0,0,0,0,0,0,0,0,0,0,0,0,0,0,0,0,0,0,0,0,0,0,0,0,0,0,0,0,0,0.00079061,0.0011868,0.0016737,0.0022173
0.0032262,0.0035433,0.0036557,0.0035433,0.0032262,0.0027595,0.0022173,0.0016737,0.0011868,0.00079061,0,0.00052666,0.00079061,0.0011149,0.0014771,0.0018382,0.0021491,0.0023603,0.0024352,0.0023603,0.0021491,0.0018382,0.0014771,0.0011149,0.00079061,0.0013173,0.0023018,0.0033474,0.0045776,0.0058864,0.0071177,0.0080929,0.0086525,0.0086987,0.008223,0.0073091,0.0061088,0.0048006,0.0035472,0.0024643,0.0011149,0,0.00052666,0.00079061,0.0011149,0.0014771,0.0018382,0.0021491,0.0023603,0.0024352,0.0023603,0.0021491,0.0018382,0.0014771,0.0011149,0.00079061,0.00052666,0,0,0.00079061,0.0011868,0.0016737,0.0022173,0.0027595,0.0032262,0.0035433,0.0036557,0.0035433,0.0032262,0.0027595,0.0022173,0.0016737,0.0011868,0.00079061,0,0,0,0,0,0,0,0,0,0,0,0,0,0,0,0,0,0,0,0,0,0,0,0,0,0,0,0,0,0,0,0,0,0,0.00052666,0.00079061,0.0011149,0.0014771
0.0021491,0.0023603,0.0024352,0.0023603,0.0021491,0.0018382,0.0014771,0.0011149,0.00079061,0.00052666,0,0,0,0,0,0,0,0,0,0,0,0,0,0,0,0.00052666,0.0022677,0.0033323,0.004604,0.0059807,0.0073045,0.0083876,0.0090549,0.0091901,0.0087688,0.0078655,0.0066325,0.0052574,0.0039175,0.002744,0.0020037,0.00079061,0.0011149,0.0014771,0.0018382,0.0021491,0.0023603,0.0024352,0.0023603,0.0021491,0.0018382,0.0014771,0.0011149,0.00079061,0.00052666,0,0,0,0,0.0011149,0.0016737,0.0023603,0.0031269,0.0038915,0.0045496,0.0049968,0.0051554,0.0049968,0.0045496,0.0038915,0.0031269,0.0023603,0.0016737,0.0011149,0,0,0,0,0,0,0,0,0,0,0,0,0,0,0,0,0,0,0,0,0,0,0,0,0,0,0,0,0,0,0,0,0,0,0,0,0,0
0.0024352,0.0023603,0.0021491,0.0018382,0.0014771,0.0011149,0.00079061,0.00052666,0,0,0,0,0,0,0,0,0,0,0,0,0,0,0,0,0,0,0.0018382,0.0027595,0.0038915,0.0051554,0.006416,0.0075011,0.0082383,0.0084999,0.0082383,0.0075011,0.006416,0.0051554,0.0038915,0.0027595,0.0026288,0.0011868,0.0016737,0.0022173,0.0027595,0.0032262,0.0035433,0.0036557,0.0035433,0.0032262,0.0027595,0.0022173,0.0016737,0.0011868,0.00079061,0,0,0,0,0.0014771,0.0022173,0.0031269,0.0041425,0.0051554,0.0060273,0.0066197,0.0068298,0.0066197,0.0060273,0.0051554,0.0041425,0.0031269,0.0022173,0.0014771,0,0,0,0,0,0,0,0,0,0,0,0,0,0,0,0,0,0,0,0,0,0,0,0,0,0,0,0,0,0,0,0,0,0,0,0,0,0
0.0036557,0.0035433,0.0032262,0.0027595,0.0022173,0.0016737,0.0011868,0.00079061,0,0,0,0,0,0,0,0,0,0,0,0,0,0,0,0,0,0,0.0021491,0.0032262,0.0045496,0.0060273,0.0075011,0.0087697,0.0096316,0.0099373,0.0096316,0.0087697,0.0075011,0.0060273,0.0045496,0.0032262,0.003264,0.0016737,0.0023603,0.0031269,0.0038915,0.0045496,0.0049968,0.0051554,0.0049968,0.0045496,0.0038915,0.0031269,0.0023603,0.0016737,0.0011149,0,0,0,0,0.0018382,0.0027595,0.0038915,0.0051554,0.006416,0.0075011,0.0082383,0.0084999,0.0082383,0.0075011,0.006416,0.0051554,0.0038915,0.0027595,0.0018382,0,0,0,0,0,0,0,0,0,0,0,0,0,0,0,0,0,0,0,0,0,0,0,0,0,0,0,0,0,0,0,0,0,0,0,0,0,0
0.0051554,0.0049968,0.0045496,0.0038915,0.0031269,0.0023603,0.0016737,0.0011149,0,0,0.00052666,0.00079061,0.0011149,0.0014771,0.0018382,0.0021491,0.0023603,0.0024352,0.0023603,0.0021491,0.0018382,0.0014771,0.0011149,0.00079061,0.00052666,0,0.0023603,0.0035433,0.0049968,0.0066197,0.0082383,0.0096316,0.010578,0.010914,0.010578,0.0096316,0.0082383,0.0066197,0.0049968,0.0035433,0.0038374,0.0022173,0.0031269,0.0041425,0.0051554,0.0060273,0.0066197,0.0068298,0.0066197,0.0060273,0.0051554,0.0041425,0.0031269,0.0022173,0.0014771,0,0,0,0,0.0021491,0.0032262,0.0045496,0.0060273,0.0075011,0.0087697,0.0096316,0.0099373,0.0096316,0.0087697,0.0075011,0.0060273,0.0045496,0.0032262,0.0021491,0,0,0,0,0,0,0,0,0,0,0,0,0,0,0,0,0,0,0,0,0,0,0,0,0,0,0,0,0,0,0,0,0,0,0,0,0,0
0.0068298,0.0066197,0.0060273,0.0051554,0.0041425,0.0031269,0.0022173,0.0014771,0,0,0.00079061,0.0011868,0.0016737,0.0022173,0.0027595,0.0032262,0.0035433,0.0036557,0.0035433,0.0032262,0.0027595,0.0022173,0.0016737,0.0011868,0.00079061,0,0.0024352,0.0036557,0.0051554,0.0068298,0.0084999,0.0099373,0.010914,0.01126,0.010914,0.0099373,0.0084999,0.0068298,0.0051554,0.0036557,0.0042735,0.0027595,0.0038915,0.0051554,0.006416,0.0075011,0.0082383,0.0084999,0.0082383,0.0075011,0.006416,0.0051554,0.0038915,0.0027595,0.0018382,0,0,0,0,0.0023603,0.0035433,0.0049968,0.0066197,0.0082383,0.0096316,0.010578,0.010914,0.010578,0.0096316,0.0082383,0.0066197,0.0049968,0.0035433,0.0023603,0,0,0,0,0,0,0,0,0,0,0,0,0,0,0,0,0,0,0,0,0,0,0,0,0,0,0,0,0,0,0,0,0,0,0,0,0,0
0.0084999,0.0082383,0.0075011,0.006416,0.0051554,0.0038915,0.0027595,0.0018382,0,0,0.0011149,0.0016737,0.0023603,0.0031269,0.0038915,0.0045496,0.0049968,0.0051554,0.0049968,0.0045496,0.0038915,0.0031269,0.0023603,0.0016737,0.0011149,0,0.0023603,0.0035433,0.0049968,0.0066197,0.0082383,0.0096316,0.010578,0.010914,0.010578,0.0096316,0.0082383,0.0066197,0.0049968,0.0035433,0.0045094,0.0032262,0.0045496,0.0060273,0.0075011,0.0087697,0.0096316,0.0099373,0.0096316,0.0087697,0.0075011,0.0060273,0.0045496,0.0032262,0.0021491,0,0,0,0,0.0024352,0.0036557,0.0051554,0.0068298,0.0084999,0.0099373,0.010914,0.01126,0.010914,0.0099373,0.0084999,0.0068298,0.0051554,0.0036557,0.0024352,0,0,0,0,0,0,0,0,0,0,0,0,0,0,0,0,0,0,0,0,0,0,0,0,0,0,0,0,0,0,0,0,0,0,0,0,0,0
0.0099373,0.0096316,0.0087697,0.0075011,0.0060273,0.0045496,0.0032262,0.0021491,0,0,0.0014771,0.0022173,0.0031269,0.0041425,0.0051554,0.0060273,0.0066197,0.0068298,0.0066197,0.0060273,0.0051554,0.0041425,0.0031269,0.0022173,0.0014771,0,0.0021491,0.0032262,0.0045496,0.0060273,0.0075011,0.0087697,0.0096316,0.0099373,0.0096316,0.0087697,0.0075011,0.0060273,0.0045496,0.0032262,0.0045094,0.0035433,0.0049968,0.0066197,0.0082383,0.0096316,0.010578,0.010914,0.010578,0.0096316,0.0082383,0.0066197,0.0049968,0.0035433,0.0023603,0,0,0,0,0.0023603,0.0035433,0.0049968,0.0066197,0.0082383,0.0096316,0.010578,0.010914,0.010578,0.0096316,0.0082383,0.0066197,0.0049968,0.0035433,0.0023603,0,0,0,0,0,0,0,0,0,0,0,0,0,0,0,0,0,0,0,0,0,0,0,0,0,0,0,0,0,0,0,0,0,0,0,0,0,0
0.010914,0.010578,0.0096316,0.0082383,0.0066197,0.0049968,0.0035433,0.0023603,0,0,0.0018382,0.0027595,0.0038915,0.0051554,0.006416,0.0075011,0.0082383,0.0084999,0.0082383,0.0075011,0.006416,0.0051554,0.0038915,0.0027595,0.0018382,0,0.0018382,0.0027595,0.0038915,0.0051554,0.006416,0.0075011,0.0082383,0.0084999,0.0082383,0.0075011,0.006416,0.0051554,0.0038915,0.0027595,0.0042735,0.0036557,0.0051554,0.0068298,0.0084999,0.0099373,0.010914,0.01126,0.010914,0.0099373,0.0084999,0.0068298,0.0051554,0.0036557,0.0024352,0,0,0,0,0.0021491,0.0032262,0.0045496,0.0060273,0.0075011,0.0087697,0.0096316,0.0099373,0.0096316,0.0087697,0.0075011,0.0060273,0.0045496,0.0032262,0.0021491,0,0,0,0,0,0,0,0,0,0,0,0,0,0,0,0,0,0,0,0,0,0,0,0,0,0,0,0,0,0,0,0,0,0,0,0,0,0
0.01126,0.010914,0.0099373,0.0084999,0.0068298,0.0051554,0.0036557,0.0024352,0,0,0.0021491,0.0032262,0.0045496,0.0060273,0.0075011,0.0087697,0.0096316,0.0099373,0.0096316,0.0087697,0.0075011,0.0060273,0.0045496,0.0032262,0.0021491,0,0.0014771,0.0022173,0.0031269,0.0041425,0.0051554,0.0060273,0.0066197,0.0068298,0.0066197,0.0060273,0.0051554,0.0041425,0.0031269,0.0022173,0.0038374,0.0035433,0.0049968,0.0066197,0.0082383,0.0096316,0.010578,0.010914,0.010578,0.0096316,0.0082383,0.0066197,0.0049968,0.0035433,0.0023603,0,0,0,0,0.0018382,0.0027595,0.0038915,0.0051554,0.006416,0.0075011,0.0082383,0.0084999,0.0082383,0.0075011,0.006416,0.0051554,0.0038915,0.0027595,0.0018382,0,0,0,0,0,0,0,0,0,0,0,0,0,0,0,0,0,0,0,0,0,0,0,0,0,0,0,0,0,0,0,0,0,0,0,0,0,0
0.010914,0.010578,0.0096316,0.0082383,0.0066197,0.0049968,0.0035433,0.0023603,0,0,0.0023603,0.0035433,0.0049968,0.0066197,0.0082383,0.0096316,0.010578,0.010914,0.010578,0.0096316,0.0082383,0.0066197,0.0049968,0.0035433,0.0023603,0,0.0011149,0.0016737,0.0023603,0.0031269,0.0038915,0.0045496,0.0049968,0.0051554,0.0049968,0.0045496,0.0038915,0.0031269,0.0023603,0.0016737,0.003264,0.0032262,0.0045496,0.0060273,0.0075011,0.0087697,0.0096316,0.0099373,0.0096316,0.0087697,0.0075011,0.0060273,0.0045496,0.0032262,0.0021491,0,0,0,0,0.0014771,0.0022173,0.0031269,0.0041425,0.0051554,0.0060273,0.0066197,0.0068298,0.0066197,0.0060273,0.0051554,0.0041425,0.0031269,0.0022173,0.0014771,0,0,0,0,0,0,0,0,0,0,0,0,0,0,0,0,0,0,0,0,0,0,0,0,0,0,0,0,0,0,0,0,0,0,0,0,0,0
0.0099373,0.0096316,0.0087697,0.0075011,0.0060273,0.0045496,0.0032262,0.0021491,0,0,0.0024352,0.0036557,0.0051554,0.0068298,0.0084999,0.0099373,0.010914,0.01126,0.010914,0.0099373,0.0084999,0.0068298,0.0051554,0.0036557,0.0024352,0,0.00079061,0.0011868,0.0016737,0.0022173,0.0027595,0.0032262,0.0035433,0.0036557,0.0035433,0.0032262,0.0027595,0.0022173,0.0016737,0.0011868,0.0026288,0.0027595,0.0038915,0.0051554,0.006416,0.0075011,0.0082383,0.0084999,0.0082383,0.0075011,0.006416,0.0051554,0.0038915,0.0027595,0.0018382,0,0,0,0,0.0011149,0.0016737,0.0023603,0.0031269,0.0038915,0.0045496,0.0049968,0.0051554,0.0049968,0.0045496,0.0038915,0.0031269,0.0023603,0.0016737,0.0011149,0,0,0,0,0,0,0,0,0,0,0,0,0,0,0,0,0,0,0,0,0,0,0,0,0,0,0,0,0,0,0,0,0,0,0,0,0,0
0.0084999,0.0082383,0.0075011,0.006416,0.0051554,0.0038915,0.0027595,0.0018382,0,0,0.0023603,0.0035433,0.0049968,0.0066197,0.0082383,0.0096316,0.010578,0.010914,0.010578,0.0096316,0.0082383,0.0066197,0.0049968,0.0035433,0.0023603,0,0.00052666,0.00079061,0.0011149,0.0014771,0.0018382,0.0021491,0.0023603,0.0024352,0.0023603,0.0021491,0.0018382,0.0014771,0.0011149,0.00079061,0.0020037,0.0022173,0.0031269,0.0041425,0.0051554,0.0060273,0.0066197,0.0068298,0.0066197,0.0060273,0.0051554,0.0041425,0.0031269,0.0022173,0.0014771,0,0,0,0,0.00079061,0.0011868,0.0016737,0.0022173,0.0027595,0.0032262,0.0035433,0.0036557,0.0035433,0.0032262,0.0027595,0.0022173,0.0016737,0.0011868,0.00079061,0,0,0,0,0,0,0,0,0,0,0,0,0,0,0,0,0,0,0,0,0,0,0,0,0,0,0,0,0,0,0,0,0,0,0,0,0,0
0.0068298,0.0066197,0.0060273,0.0051554,0.0041425,0.0031269,0.0022173,0.0014771,0,0,0.0021491,0.0032262,0.0045496,0.0060273,0.0075011,0.0087697,0.0096316,0.0099373,0.0096316,0.0087697,0.0075011,0.0060273,0.0045496,0.0032262,0.0021491,0,0,0,0,0,0,0,0,0,0,0,0,0,0,0,0.0011149,0.0016737,0.0023603,0.0031269,0.0038915,0.0045496,0.0049968,0.0051554,0.0049968,0.0045496,0.0038915,0.0031269,0.0023603,0.0016737,0.0011149,0,0,0,0,0.00052666,0.00079061,0.0011149,0.0014771,0.0018382,0.0021491,0.0023603,0.0024352,0.0023603,0.0021491,0.0018382,0.0014771,0.0011149,0.00079061,0.00052666,0,0,0,0,0,0,0,0,0,0,0,0,0,0,0,0,0,0,0,0,0,0,0,0,0,0,0,0,0,0,0,0,0,0,0,0,0,0
0.0051554,0.0049968,0.0045496,0.0038915,0.0031269,0.0023603,0.0016737,0.0011149,0,0,0.0018382,0.0027595,0.0038915,0.0051554,0.006416,0.0075011,0.0082383,0.0084999,0.0082383,0.0075011,0.006416,0.0051554,0.0038915,0.0027595,0.0018382,0,0,0,0,0,0,0,0,0,0,0,0,0,0,0,0.00079061,0.0011868,0.0016737,0.0022173,0.0027595,0.0032262,0.0035433,0.0036557,0.0035433,0.0032262,0.0027595,0.0022173,0.0016737,0.0011868,0.00079061,0,0,0,0,0,0,0,0,0,0,0,0,0,0,0,0,0,0,0,0,0,0,0,0,0,0,0,0,0,0,0,0,0,0,0,0,0,0,0,0,0,0,0,0,0,0,0,0,0,0,0,0,0,0,0,0,0
0.0036557,0.0035433,0.0032262,0.0027595,0.0022173,0.0016737,0.0011868,0.00079061,0,0,0.0014771,0.0022173,0.0031269,0.0041425,0.0051554,0.0060273,0.0066197,0.0068298,0.0066197,0.0060273,0.0051554,0.0041425,0.0031269,0.0022173,0.0014771,0,0,0,0,0,0,0,0,0,0,0,0,0,0,0,0.00052666,0.00079061,0.0011149,0.0014771,0.0018382,0.0021491,0.0023603,0.0024352,0.0023603,0.0021491,0.0018382,0.0014771,0.0011149,0.00079061,0.00052666,0,0,0,0,0,0,0,0,0,0,0,0,0,0,0,0,0,0,0,0,0,0,0,0,0,0,0,0,0,0,0,0,0,0,0,0,0,0,0,0,0,0,0,0,0,0,0,0,0,0,0,0,0,0,0,0,0
0.0024352,0.0023603,0.0021491,0.0018382,0.0014771,0.0011149,0.00079061,0.00052666,0,0,0.0011149,0.0016737,0.0023603,0.0031269,0.0038915,0.0045496,0.0049968,0.0051554,0.0049968,0.0045496,0.0038915,0.0031269,0.0023603,0.0016737,0.0011149,0,0,0,0,0,0,0,0,0,0,0,0,0,0,0,0,0,0,0,0,0.00052666,0.00079061,0.0011149,0.0014771,0.0018382,0.0021491,0.0023603,0.0024352,0.0023603,0.0021491,0.0018382,0.0014771,0.0011149,0.00079061,0.00052666,0,0,0,0,0,0,0,0,0,0,0,0,0,0,0,0,0,0,0,0,0,0,0,0,0,0,0,0,0,0,0,0,0,0,0,0,0,0,0,0,0,0,0,0,0.00052666,0.00079061,0.0011149,0.0014771,0.0018382,0.0021491,0.0023603,0.0024352
0,0,0,0,0,0,0,0,0,0,0.00079061,0.0011868,0.0016737,0.0022173,0.0027595,0.0032262,0.0035433,0.0036557,0.0035433,0.0032262,0.0027595,0.0022173,0.0016737,0.0011868,0.00079061,0,0,0,0,0,0,0,0,0,0,0,0,0,0,0,0,0,0,0,0,0.00079061,0.0011868,0.0016737,0.0022173,0.0027595,0.0032262,0.0035433,0.0036557,0.0035433,0.0032262,0.0027595,0.0022173,0.0016737,0.0011868,0.00079061,0,0,0,0,0,0,0,0,0,0,0,0,0,0,0,0,0,0,0,0,0,0,0,0,0,0,0,0,0,0,0,0,0,0,0,0,0,0,0,0,0,0,0,0,0.00079061,0.0011868,0.0016737,0.0022173,0.0027595,0.0032262,0.0035433,0.0036557
0,0,0,0,0,0,0,0,0,0,0.00052666,0.0013173,0.0019055,0.002592,0.0033153,0.0039873,0.0045094,0.0047956,0.0047956,0.0045094,0.0039873,0.0033153,0.002592,0.0019055,0.0013173,0.00052666,0,0,0,0,0,0,0,0,0,0,0,0,0,0,0,0,0,0,0,0.0011149,0.0016737,0.0023603,0.0031269,0.0038915,0.0045496,0.0049968,0.0051554,0.0049968,0.0045496,0.0038915,0.0031269,0.0023603,0.0016737,0.0011149,0,0,0,0,0,0,0,0,0,0,0,0,0,0,0,0,0,0,0,0,0,0,0,0,0,0,0,0,0,0,0,0,0,0,0,0,0,0,0,0,0,0,0,0,0.0011149,0.0016737,0.0023603,0.0031269,0.0038915,0.0045496,0.0049968,0.0051554
0.0023603,0.0024352,0.0023603,0.0021491,0.0018382,0.0014771,0.0011149,0.00079061,0.00052666,0,0,0.00079061,0.0011868,0.0016737,0.0022173,0.0027595,0.0032262,0.0035433,0.0036557,0.0035433,0.0032262,0.0027595,0.0022173,0.0016737,0.0011868,0.00079061,0,0,0,0,0,0,0,0,0,0,0,0,0,0,0,0,0,0,0,0.0014771,0.0022173,0.0031269,0.0041425,0.0051554,0.0060273,0.0066197,0.0068298,0.0066197,0.0060273,0.0051554,0.0041425,0.0031269,0.0022173,0.0014771,0,0,0,0,0,0,0,0,0,0,0,0,0,0,0,0,0,0,0,0,0,0,0,0,0,0,0,0,0,0,0,0,0,0,0,0,0,0,0,0,0,0,0,0,0.0014771,0.0022173,0.0031269,0.0041425,0.0051554,0.0060273,0.0066197,0.0068298
0.0035433,0.0036557,0.0035433,0.0032262,0.0027595,0.0022173,0.0016737,0.0011868,0.00079061,0,0,0.0011149,0.0016737,0.0023603,0.0031269,0.0038915,0.0045496,0.0049968,0.0051554,0.0049968,0.0045496,0.0038915,0.0031269,0.0023603,0.0016737,0.0011149,0,0,0,0,0,0,0,0,0,0,0,0,0,0,0,0,0,0,0,0.0018382,0.0027595,0.0038915,0.0051554,0.006416,0.0075011,0.0082383,0.0084999,0.0082383,0.0075011,0.006416,0.0051554,0.0038915,0.0027595,0.0018382,0,0,0,0,0,0,0,0,0,0,0,0,0,0,0,0,0,0,0,0,0,0,0,0,0,0,0,0,0,0,0,0,0,0,0,0,0,0,0,0,0,0,0,0,0.0018382,0.0027595,0.0038915,0.0051554,0.006416,0.0075011,0.0082383,0.0084999
0.0049968,0.0051554,0.0049968,0.0045496,0.0038915,0.0031269,0.0023603,0.0016737,0.0011149,0,0,0.0014771,0.0022173,0.0031269,0.0041425,0.0051554,0.0060273,0.0066197,0.0068298,0.0066197,0.0060273,0.0051554,0.0041425,0.0031269,0.0022173,0.0014771,0,0,0,0,0,0,0,0,0,0,0,0,0,0,0,0,0,0,0,0.0021491,0.0032262,0.0045496,0.0060273,0.0075011,0.0087697,0.0096316,0.0099373,0.0096316,0.0087697,0.0075011,0.0060273,0.0045496,0.0032262,0.0021491,0.00052666,0.00079061,0.0011149,0.0014771,0.0018382,0.0021491,0.0023603,0.0024352,0.0023603,0.0021491,0.0018382,0.0014771,0.0011149,0.00079061,0.00052666,0,0,0,0,0,0,0,0,0,0,0,0,0,0,0,0,0,0,0,0,0,0,0,0,0,0,0,0,0,0.0021491,0.0032262,0.0045496,0.0060273,0.0075011,0.0087697,0.0096316,0.0099373
0.0066197,0.0068298,0.0066197,0.0060273,0.0051554,0.0041425,0.0031269,0.0022173,0.0014771,0,0,0.0018382,0.0027595,0.0038915,0.0051554,0.006416,0.0075011,0.0082383,0.0084999,0.0082383,0.0075011,0.006416,0.0051554,0.0038915,0.0027595,0.0018382,0,0,0,0,0,0,0,0,0,0,0,0,0,0,0,0,0,0,0,0.0023603,0.0035433,0.0049968,0.0066197,0.0082383,0.0096316,0.010578,0.010914,0.010578,0.0096316,0.0082383,0.0066197,0.0049968,0.0035433,0.0023603,0.00079061,0.0011868,0.0016737,0.0022173,0.0027595,0.0032262,0.0035433,0.0036557,0.0035433,0.0032262,0.0027595,0.0022173,0.0016737,0.0011868,0.00079061,0,0,0,0,0,0,0,0,0,0,0,0,0,0,0,0,0,0,0,0,0,0,0,0,0,0,0,0,0,0.0023603,0.0035433,0.0049968,0.0066197,0.0082383,0.0096316,0.010578,0.010914
0.0082383,0.0084999,0.0082383,0.0075011,0.006416,0.0051554,0.0038915,0.0027595,0.0018382,0,0,0.0021491,0.0032262,0.0045496,0.0060273,0.0075011,0.0087697,0.0096316,0.0099373,0.0096316,0.0087697,0.0075011,0.0060273,0.0045496,0.0032262,0.0021491,0,0,0,0,0,0,0,0,0,0,0,0,0,0,0,0,0,0,0,0.0024352,0.0036557,0.0051554,0.0068298,0.0084999,0.0099373,0.010914,0.01126,0.010914,0.0099373,0.0084999,0.0068298,0.0051554,0.0036557,0.0024352,0.0011149,0.0016737,0.0023603,0.0031269,0.0038915,0.0045496,0.0049968,0.0051554,0.0049968,0.0045496,0.0038915,0.0031269,0.0023603,0.0016737,0.0011149,0,0,0,0,0,0,0,0,0,0,0,0,0,0,0,0,0,0,0,0,0,0,0,0,0,0,0,0,0,0.0024352,0.0036557,0.0051554,0.0068298,0.0084999,0.0099373,0.010914,0.01126
0.0096316,0.0099373,0.0096316,0.0087697,0.0075011,0.0060273,0.0045496,0.0032262,0.0021491,0,0,0.0023603,0.0035433,0.0049968,0.0066197,0.0082383,0.0096316,0.010578,0.010914,0.010578,0.0096316,0.0082383,0.0066197,0.0049968,0.0035433,0.0023603,0,0,0,0,0,0,0,0,0,0,0,0,0,0,0,0,0,0,0,0.0023603,0.0035433,0.0049968,0.0066197,0.0082383,0.0096316,0.010578,0.010914,0.010578,0.0096316,0.0082383,0.0066197,0.0049968,0.0035433,0.0023603,0.0014771,0.0022173,0.0031269,0.0041425,0.0051554,0.0060273,0.0066197,0.0068298,0.0066197,0.0060273,0.0051554,0.0041425,0.0031269,0.0022173,0.0014771,0,0,0,0,0,0,0,0,0,0,0,0,0,0,0,0,0,0,0,0,0,0,0,0,0,0,0,0,0,0.0023603,0.0035433,0.0049968,0.0066197,0.0082383,0.0096316,0.010578,0.010914
0.010578,0.010914,0.010578,0.0096316,0.0082383,0.0066197,0.0049968,0.0035433,0.0023603,0,0,0.0024352,0.0036557,0.0051554,0.0068298,0.0084999,0.0099373,0.010914,0.01126,0.010914,0.0099373,0.0084999,0.0068298,0.0051554,0.0036557,0.0024352,0,0,0,0,0,0,0,0,0,0,0,0,0,0,0,0,0,0,0,0.0021491,0.0032262,0.0045496,0.0060273,0.0075011,0.0087697,0.0096316,0.0099373,0.0096316,0.0087697,0.0075011,0.0060273,0.0045496,0.0032262,0.0021491,0.0018382,0.0027595,0.0038915,0.0051554,0.006416,0.0075011,0.0082383,0.0084999,0.0082383,0.0075011,0.006416,0.0051554,0.0038915,0.0027595,0.0018382,0,0,0,0,0,0,0,0,0,0,0,0,0,0,0,0,0,0,0,0,0,0,0,0,0,0,0,0,0,0.0021491,0.0032262,0.0045496,0.0060273,0.0075011,0.0087697,0.0096316,0.0099373
0.010914,0.01126,0.010914,0.0099373,0.0084999,0.0068298,0.0051554,0.0036557,0.0024352,0,0,0.0023603,0.0035433,0.0049968,0.0066197,0.0082383,0.0096316,0.010578,0.010914,0.010578,0.0096316,0.0082383,0.0066197,0.0049968,0.0035433,0.0023603,0,0,0,0,0.00052666,0.00079061,0.0011149,0.0014771,0.0018382,0.0021491,0.0023603,0.0024352,0.0023603,0.0021491,0.0018382,0.0014771,0.0011149,0.00079061,0.00052666,0.0018382,0.0027595,0.0038915,0.0051554,0.006416,0.0075011,0.0082383,0.0084999,0.0082383,0.0075011,0.006416,0.0051554,0.0038915,0.0027595,0.0018382,0.0021491,0.0032262,0.0045496,0.0060273,0.0075011,0.0087697,0.0096316,0.0099373,0.0096316,0.0087697,0.0075011,0.0060273,0.0045496,0.0032262,0.0021491,0,0,0,0,0,0,0,0,0,0,0,0,0,0,0,0,0,0,0,0,0,0,0,0,0,0,0,0,0,0.0018382,0.0027595,0.0038915,0.0051554,0.006416,0.0075011,0.0082383,0.0084999
0.010578,0.010914,0.010578,0.0096316,0.0082383,0.0066197,0.0049968,0.0035433,0.0023603,0,0,0.0021491,0.0032262,0.0045496,0.0060273,0.0075011,0.0087697,0.0096316,0.0099373,0.0096316,0.0087697,0.0075011,0.0060273,0.0045496,0.0032262,0.0021491,0,0,0,0,0.00079061,0.0011868,0.0016737,0.0022173,0.0027595,0.0032262,0.0035433,0.0036557,0.0035433,0.0032262,0.0027595,0.0022173,0.0016737,0.0011868,0.00079061,0.0014771,0.0022173,0.0031269,0.0041425,0.0051554,0.0060273,0.0066197,0.0068298,0.0066197,0.0060273,0.0051554,0.0041425,0.0031269,0.0022173,0.0014771,0.0023603,0.0035433,0.0049968,0.0066197,0.0082383,0.0096316,0.010578,0.010914,0.010578,0.0096316,0.0082383,0.0066197,0.0049968,0.0035433,0.0023603,0,0,0,0,0,0,0,0,0,0,0,0,0,0,0,0,0,0,0,0,0,0,0,0,0,0,0,0,0,0.0014771,0.0022173,0.0031269,0.0041425,0.0051554,0.0060273,0.0066197,0.0068298
0.0096316,0.0099373,0.0096316,0.0087697,0.0075011,0.0060273,0.0045496,0.0032262,0.0021491,0,0,0.0023649,0.0035501,0.0050065,0.0066325,0.0082542,0.0096502,0.010599,0.010935,0.010599,0.0096502,0.0082542,0.0066325,0.0050065,0.0035501,0.0023649,0,0,0,0,0.0011149,0.0016737,0.0023603,0.0031269,0.0038915,0.0045496,0.0049968,0.0051554,0.0049968,0.0045496,0.0038915,0.0031269,0.0023603,0.0016737,0.0011149,0.0011149,0.0016737,0.0023603,0.0031269,0.0038915,0.0045496,0.0049968,0.0051554,0.0049968,0.0045496,0.0038915,0.0031269,0.0023603,0.0016737,0.0011149,0.0024352,0.0036557,0.0051554,0.0068298,0.0084999,0.0099373,0.010914,0.01126,0.010914,0.0099373,0.0084999,0.0068298,0.0051554,0.0036557,0.0024352,0,0,0,0,0,0,0,0,0,0,0,0,0,0,0,0,0,0,0,0,0,0,0,0,0,0,0,0,0,0.0011149,0.0016737,0.0023603,0.0031269,0.0038915,0.0045496,0.0049968,0.0051554
0.0082383,0.0084999,0.0082383,0.0075011,0.006416,0.0051554,0.0038915,0.0027595,0.0018382,0,0,0.0022677,0.0034042,0.0048006,0.0063598,0.0079149,0.0092535,0.010163,0.010486,0.010163,0.0092535,0.0079149,0.0063598,0.0048006,0.0034042,0.0022677,0,0,0,0,0.0014771,0.0022173,0.0031269,0.0041425,0.0051554,0.0060273,0.0066197,0.0068298,0.0066197,0.0060273,0.0051554,0.0041425,0.0031269,0.0022173,0.0014771,0.00079061,0.0011868,0.0016737,0.0022173,0.0027595,0.0032262,0.0035433,0.0036557,0.0035433,0.0032262,0.0027595,0.0022173,0.0016737,0.0011868,0.00079061,0.0023603,0.0035433,0.0049968,0.0066197,0.0082383,0.0096316,0.010578,0.010914,0.010578,0.0096316,0.0082383,0.0066197,0.0049968,0.0035433,0.0023603,0,0.00052666,0.00079061,0.0011149,0.0014771,0.0018382,0.0021491,0.0023603,0.0024352,0.0023603,0.0021491,0.0018382,0.0014771,0.0011149,0.00079061,0.00052666,0,0,0,0,0,0,0,0,0,0,0,0,0,0.00079061,0.0011868,0.0016737,0.0022173,0.0027595,0.0032262,0.0035433,0.0036557
0.0066197,0.0068298,0.0066197,0.0060273,0.0051554,0.0041425,0.0031269,0.0022173,0.0014771,0,0,0.0022299,0.0033474,0.0047206,0.0062538,0.007783,0.0090993,0.0099936,0.010311,0.0099936,0.0090993,0.007783,0.0062538,0.0047206,0.0033474,0.0022299,0,0,0,0,0.0018382,0.0027595,0.0038915,0.0051554,0.006416,0.0075011,0.0082383,0.0084999,0.0082383,0.0075011,0.006416,0.0051554,0.0038915,0.0027595,0.0018382,0.00052666,0.00079061,0.0011149,0.0014771,0.0018382,0.0021491,0.0023603,0.0024352,0.0023603,0.0021491,0.0018382,0.0014771,0.0011149,0.00079061,0.00052666,0.0021491,0.0032262,0.0045496,0.0060273,0.0075011,0.0087697,0.0096316,0.0099373,0.0096316,0.0087697,0.0075011,0.0060273,0.0045496,0.0032262,0.0021491,0,0.00079061,0.0011868,0.0016737,0.0022173,0.0027595,0.0032262,0.0035433,0.0036557,0.0035433,0.0032262,0.0027595,0.0022173,0.0016737,0.0011868,0.00079061,0,0,0,0,0,0,0,0,0,0,0,0,0,0.00052666,0.00079061,0.0011149,0.0014771,0.0018382,0.0026758,0.0031509,0.0035502
0.0049968,0.0051554,0.0049968,0.0045496,0.0038915,0.0031269,0.0023603,0.0016737,0.0011149,0,0,0.0022677,0.0034042,0.0048006,0.0063598,0.0079149,0.0092535,0.010163,0.010486,0.010163,0.0092535,0.0079149,0.0063598,0.0048006,0.0034042,0.0022677,0,0,0,0,0.0021491,0.0032262,0.0045496,0.0060273,0.0075011,0.0087697,0.0096316,0.0099373,0.0096316,0.0087697,0.0075011,0.0060273,0.0045496,0.0032262,0.0021491,0,0,0,0,0,0,0,0,0,0,0,0,0,0,0,0.0018382,0.0027595,0.0038915,0.0051554,0.006416,0.0075011,0.0082383,0.0084999,0.0082383,0.0075011,0.006416,0.0051554,0.0038915,0.0027595,0.0018382,0,0.0011149,0.0016737,0.0023603,0.0031269,0.0038915,0.0045496,0.0049968,0.0051554,0.0049968,0.0045496,0.0038915,0.0031269,0.0023603,0.0016737,0.0011149,0,0,0,0,0,0,0,0,0,0,0,0,0,0,0,0,0,0,0.00079061,0.0011868,0.0016737
0.0035433,0.0036557,0.0035433,0.0032262,0.0027595,0.0022173,0.0016737,0.0011868,0.00079061,0,0,0.0023649,0.0035501,0.0050065,0.0066325,0.0082542,0.0096502,0.010599,0.010935,0.010599,0.0096502,0.0082542,0.0066325,0.0050065,0.0035501,0.0023649,0,0,0,0,0.0023603,0.0035433,0.0049968,0.0066197,0.0082383,0.0096316,0.010578,0.010914,0.010578,0.0096316,0.0082383,0.0066197,0.0049968,0.0035433,0.0023603,0,0,0,0,0,0,0,0,0,0,0,0,0,0,0,0.0014771,0.0022173,0.0031269,0.0041425,0.0051554,0.0060273,0.0066197,0.0068298,0.0066197,0.0060273,0.0051554,0.0041425,0.0031269,0.0022173,0.0014771,0,0.0014771,0.0022173,0.0031269,0.0041425,0.0051554,0.0060273,0.0066197,0.0068298,0.0066197,0.0060273,0.0051554,0.0041425,0.0031269,0.0022173,0.0014771,0,0,0,0,0,0,0,0,0,0,0,0,0,0,0,0,0,0,0.0011149,0.0016737,0.0023603
0.0023603,0.0024352,0.0023603,0.0021491,0.0018382,0.0014771,0.0011149,0.00079061,0.00052666,0,0,0.0021491,0.0032262,0.0045496,0.0060273,0.0075011,0.0087697,0.0096316,0.0099373,0.0096316,0.0087697,0.0075011,0.0060273,0.0045496,0.0032262,0.0021491,0,0,0,0,0.0024352,0.0036557,0.0051554,0.0068298,0.0084999,0.0099373,0.010914,0.01126,0.010914,0.0099373,0.0084999,0.0068298,0.0051554,0.0036557,0.0024352,0,0,0,0,0,0,0,0,0,0,0,0,0,0,0,0.0011149,0.0016737,0.0023603,0.0031269,0.0038915,0.0045496,0.0049968,0.0051554,0.0049968,0.0045496,0.0038915,0.0031269,0.0023603,0.0016737,0.0011149,0,0.0018382,0.0027595,0.0038915,0.0051554,0.006416,0.0075011,0.0082383,0.0084999,0.0082383,0.0075011,0.006416,0.0051554,0.0038915,0.0027595,0.0018382,0,0,0,0,0,0,0,0,0,0,0,0,0,0,0,0,0,0,0.0014771,0.0022173,0.0031269
0,0,0,0,0,0,0,0,0,0,0,0.0023603,0.0035433,0.0049968,0.0066197,0.0082383,0.0096316,0.010578,0.010914,0.010578,0.0096316,0.0082383,0.0066197,0.0049968,0.0035433,0.0023603,0,0,0,0,0.0023603,0.0035433,0.0049968,0.0066197,0.0082383,0.0096316,0.010578,0.010914,0.010578,0.0096316,0.0082383,0.0066197,0.0049968,0.0035433,0.0023603,0,0,0,0,0,0,0,0,0,0,0,0,0,0,0,0.00079061,0.0011868,0.0016737,0.0022173,0.0027595,0.0032262,0.0035433,0.0036557,0.0035433,0.0032262,0.0027595,0.0022173,0.0016737,0.0011868,0.00079061,0,0.0021491,0.0032262,0.0045496,0.0060273,0.0075011,0.0087697,0.0096316,0.0099373,0.0096316,0.0087697,0.0075011,0.0060273,0.0045496,0.0032262,0.0021491,0,0,0,0,0,0,0,0,0,0,0,0,0,0,0,0,0,0,0.0018382,0.0027595,0.0038915
0,0,0,0,0,0,0,0,0,0,0,0.0024352,0.0036557,0.0051554,0.0068298,0.0084999,0.0099373,0.010914,0.01126,0.010914,0.0099373,0.0084999,0.0068298,0.0051554,0.0036557,0.0024352,0,0,0,0,0.0021491,0.0032262,0.0045496,0.0060273,0.0075011,0.0087697,0.0096316,0.0099373,0.0096316,0.0087697,0.0075011,0.0060273,0.0045496,0.0032262,0.0021491,0,0,0,0,0,0,0,0,0,0,0,0,0,0,0,0.00052666,0.00079061,0.0011149,0.0014771,0.0018382,0.0021491,0.0023603,0.0024352,0.0023603,0.0021491,0.0018382,0.0014771,0.0011149,0.00079061,0.00052666,0,0.0023603,0.0035433,0.0049968,0.0066197,0.0082383,0.0096316,0.010578,0.010914,0.010578,0.0096316,0.0082383,0.0066197,0.0049968,0.0035433,0.0023603,0,0,0,0,0,0,0,0,0,0,0,0,0,0,0,0,0,0,0.0021491,0.0032262,0.0045496
0,0,0,0,0,0,0,0,0,0,0,0.0023603,0.0035433,0.0049968,0.0066197,0.0082383,0.0096316,0.010578,0.010914,0.010578,0.0096316,0.0082383,0.0066197,0.0049968,0.0035433,0.0023603,0,0,0,0,0.0018382,0.0027595,0.0038915,0.0051554,0.006416,0.0075011,0.0082383,0.0084999,0.0082383,0.0075011,0.006416,0.0051554,0.0038915,0.0027595,0.0018382,0,0,0,0,0,0,0,0,0,0,0,0,0,0,0,0,0,0,0,0,0,0,0,0,0,0,0,0,0,0,0,0.0024352,0.0036557,0.0051554,0.0068298,0.0084999,0.0099373,0.010914,0.01126,0.010914,0.0099373,0.0084999,0.0068298,0.0051554,0.0036557,0.0024352,0,0,0,0,0,0,0,0,0,0,0,0,0,0,0,0,0,0,0.0023603,0.0035433,0.0049968
0,0,0,0,0,0,0,0,0,0,0,0.0021491,0.0032262,0.0045496,0.0060273,0.0075011,0.0087697,0.0096316,0.0099373,0.0096316,0.0087697,0.0075011,0.0060273,0.0045496,0.0032262,0.0021491,0,0,0,0,0.0014771,0.0022173,0.0031269,0.0041425,0.0051554,0.0060273,0.0066197,0.0068298,0.0066197,0.0060273,0.0051554,0.0041425,0.0031269,0.0022173,0.0014771,0,0,0,0,0,0,0,0,0,0,0,0,0,0,0,0,0,0,0,0,0,0,0,0,0,0,0,0,0,0,0,0.0023603,0.0035433,0.0049968,0.0066197,0.0082383,0.0096316,0.010578,0.010914,0.010578,0.0096316,0.0082383,0.0066197,0.0049968,0.0035433,0.0023603,0,0,0,0,0,0,0,0,0,0,0,0,0,0,0,0,0,0,0.0024352,0.0036557,0.0051554
0,0,0,0,0,0,0,0,0,0,0,0.0018382,0.0027595,0.0038915,0.0051554,0.006416,0.0075011,0.0082383,0.0084999,0.0082383,0.0075011,0.006416,0.0051554,0.0038915,0.0027595,0.0018382,0,0,0,0,0.0011149,0.0016737,0.0023603,0.0031269,0.0038915,0.0045496,0.0049968,0.0051554,0.0049968,0.0045496,0.0038915,0.0031269,0.0023603,0.0016737,0.0011149,0,0,0,0,0,0,0,0,0,0,0,0,0,0,0,0,0,0,0,0,0,0,0,0,0,0,0,0,0,0,0,0.0021491,0.0032262,0.0045496,0.0060273,0.0075011,0.0087697,0.0096316,0.0099373,0.0096316,0.0087697,0.0075011,0.0060273,0.0045496,0.0032262,0.0021491,0,0,0,0,0,0,0,0,0,0,0,0,0,0,0,0,0,0,0.0023603,0.0035433,0.0049968
0,0,0,0,0,0,0,0,0,0,0,0.0014771,0.0022173,0.0031269,0.0041425,0.0051554,0.0060273,0.0066197,0.0068298,0.0066197,0.0060273,0.0051554,0.0041425,0.0031269,0.0022173,0.0014771,0,0,0,0,0.00079061,0.0011868,0.0016737,0.0022173,0.0027595,0.0032262,0.0035433,0.0036557,0.0035433,0.0032262,0.0027595,0.0022173,0.0016737,0.0011868,0.00079061,0,0,0,0,0,0,0,0,0,0,0,0,0,0,0,0,0,0,0,0,0,0,0,0,0,0,0,0,0,0,0,0.0018382,0.0027595,0.0038915,0.0051554,0.006416,0.0075011,0.0082383,0.0084999,0.0082383,0.0075011,0.006416,0.0051554,0.0038915,0.0027595,0.0018382,0,0,0,0,0,0,0,0,0,0,0,0,0,0,0,0,0,0,0.0021491,0.0032262,0.0045496
0,0,0,0,0,0,0,0,0,0,0,0.0011149,0.0016737,0.0023603,0.0031269,0.0038915,0.0045496,0.0049968,0.0051554,0.0049968,0.0045496,0.0038915,0.0031269,0.0023603,0.0016737,0.0011149,0,0,0,0,0.00052666,0.00079061,0.0011149,0.0014771,0.0018382,0.0021491,0.0023603,0.0024352,0.0023603,0.0021491,0.0018382,0.0014771,0.0011149,0.00079061,0.00052666,0,0,0,0,0,0,0,0,0,0,0,0,0,0,0,0,0,0,0,0,0,0,0,0,0,0,0,0,0,0,0,0.0014771,0.0022173,0.0031269,0.0041425,0.0051554,0.0060273,0.0066197,0.0068298,0.0066197,0.0060273,0.0051554,0.0041425,0.0031269,0.0022173,0.0014771,0,0,0,0,0,0,0,0,0,0,0,0,0,0,0,0,0,0,0.0018382,0.0027595,0.0038915
0,0,0,0,0,0,0,0,0,0,0,0.00079061,0.0011868,0.0016737,0.0022173,0.0027595,0.0032262,0.0035433,0.0036557,0.0035433,0.0032262,0.0027595,0.0022173,0.0016737,0.0011868,0.00079061,0,0,0,0,0,0,0,0,0,0,0,0,0,0,0,0,0,0,0,0,0,0,0,0,0,0,0,0,0,0,0,0,0,0,0,0,0,0,0,0,0,0,0,0,0,0,0,0,0,0,0.0011149,0.0016737,0.0023603,0.0031269,0.0038915,0.0045496,0.0049968,0.0051554,0.0049968,0.0045496,0.0038915,0.0031269,0.0023603,0.0016737,0.0011149,0,0,0,0,0,0,0,0,0,0,0,0,0,0,0,0,0,0,0.0014771,0.0022173,0.0031269
0,0,0,0,0,0,0,0,0,0,0,0.00052666,0.00079061,0.0011149,0.0014771,0.0018382,0.0021491,0.0023603,0.0024352,0.0023603,0.0021491,0.0018382,0.0014771,0.0011149,0.00079061,0.00052666,0,0,0,0,0,0,0,0,0,0,0,0,0,0,0,0,0,0,0,0,0,0,0,0,0,0,0,0,0,0,0,0,0,0,0,0,0,0,0,0,0,0,0,0,0,0,0,0,0,0,0.00079061,0.0011868,0.0016737,0.0022173,0.0027595,0.0032262,0.0035433,0.0036557,0.0035433,0.0032262,0.0027595,0.0022173,0.0016737,0.0011868,0.00079061,0,0,0,0,0,0,0,0,0,0,0,0,0,0,0,0,0,0,0.0011149,0.0016737,0.0023603
0,0,0,0,0,0,0,0,0,0,0,0,0,0,0,0,0,0,0,0,0,0,0,0,0,0,0,0,0.00052666,0.00079061,0.0011149,0.0014771,0.0018382,0.0021491,0.0023603,0.0024352,0.0023603,0.0021491,0.0018382,0.0014771,0.0011149,0.00079061,0.00052666,0,0,0,0,0,0,0,0,0,0,0,0,0,0,0,0,0,0,0,0,0,0,0,0,0,0,0,0,0,0,0,0,0,0.00052666,0.00079061,0.0011149,0.0014771,0.0018382,0.0021491,0.0023603,0.0024352,0.0023603,0.0021491,0.0018382,0.0014771,0.0011149,0.00079061,0.00052666,0,0,0,0,0.00052666,0.00079061,0.0011149,0.0014771,0.0018382,0.0021491,0.0023603,0.0024352,0.0023603,0.0021491,0.0018382,0.0014771,0.0011149,0.00079061,0.0013173,0.0011868,0.0016737
0.0021491,0.0023603,0.0024352,0.0023603,0.0021491,0.0018382,0.0014771,0.0011149,0.00079061,0.00052666,0,0,0,0,0,0,0,0,0,0,0,0,0,0,0,0,0,0,0.00079061,0.0011868,0.0016737,0.0022173,0.0027595,0.0032262,0.0035433,0.0036557,0.0035433,0.0032262,0.0027595,0.0022173,0.0016737,0.0011868,0.00079061,0,0,0,0,0,0,0,0,0,0,0,0,0,0,0,0,0,0,0,0,0,0,0,0,0,0,0,0,0,0,0,0,0,0,0,0,0,0,0,0,0,0,0,0,0,0,0,0,0,0,0,0,0.00079061,0.0011868,0.0016737,0.0022173,0.0027595,0.0032262,0.0035433,0.0036557,0.0035433,0.0032262,0.0027595,0.0022173,0.0016737,0.0011868,0.0013173,0.00079061,0.0011149
0.0032262,0.0035433,0.0036557,0.0035433,0.0032262,0.0027595,0.0022173,0.0016737,0.0011868,0.00079061,0,0,0,0,0,0,0,0,0,0,0,0,0,0,0,0,0,0,0.0011149,0.0016737,0.0023603,0.0031269,0.0038915,0.0045496,0.0049968,0.0051554,0.0049968,0.0045496,0.0038915,0.0031269,0.0023603,0.0016737,0.0011149,0,0,0,0,0,0,0,0,0,0,0,0,0,0,0,0,0,0,0.00052666,0.00079061,0.0011149,0.0014771,0.0018382,0.0021491,0.0023603,0.0024352,0.0023603,0.0021491,0.0018382,0.0014771,0.0011149,0.00079061,0.00052666,0,0,0,0,0,0,0,0,0,0,0,0,0,0,0,0,0,0,0,0.0011149,0.0016737,0.0023603,0.0031269,0.0038915,0.0045496,0.0049968,0.0051554,0.0049968,0.0045496,0.0038915,0.0031269,0.0023603,0.0016737,0.0011149,0.00052666,0.00079061
0.0045496,0.0049968,0.0051554,0.0049968,0.0045496,0.0038915,0.0031269,0.0023603,0.0016737,0.0011149,0,0,0,0,0,0,0,0,0,0,0,0,0,0,0,0,0,0,0.0014771,0.0022173,0.0031269,0.0041425,0.0051554,0.0060273,0.0066197,0.0068298,0.0066197,0.0060273,0.0051554,0.0041425,0.0031269,0.0022173,0.0014771,0,0,0,0,0,0,0,0,0,0,0,0,0,0,0,0,0,0,0.00079061,0.0011868,0.0016737,0.0022173,0.0027595,0.0032262,0.0035433,0.0036557,0.0035433,0.0032262,0.0027595,0.0022173,0.0016737,0.0011868,0.00079061,0,0,0,0,0,0,0,0,0,0,0,0,0,0,0,0,0,0,0,0.0014771,0.0022173,0.0031269,0.0041425,0.0051554,0.0060273,0.0066197,0.0068298,0.0066197,0.0060273,0.0051554,0.0041425,0.0031269,0.0022173,0.0014771,0.00079061,0.0011868
0.0060273,0.0066197,0.0068298,0.0066197,0.0060273,0.0051554,0.0041425,0.0031269,0.0022173,0.0014771,0,0,0,0,0.00052666,0.00079061,0.0011149,0.0014771,0.0018382,0.0021491,0.0023603,0.0024352,0.0023603,0.0021491,0.0018382,0.0014771,0.0011149,0.00079061,0.0023649,0.0027595,0.0038915,0.0051554,0.006416,0.0075011,0.0082383,0.0084999,0.0082383,0.0075011,0.006416,0.0051554,0.0038915,0.0027595,0.0018382,0,0,0.00052666,0.00079061,0.0011149,0.0014771,0.0018382,0.0021491,0.0023603,0.0024352,0.0023603,0.0021491,0.0018382,0.0014771,0.0011149,0.00079061,0.00052666,0,0.0011149,0.0016737,0.0023603,0.0031269,0.0038915,0.0045496,0.0049968,0.0051554,0.0049968,0.0045496,0.0038915,0.0031269,0.0023603,0.0016737,0.0011149,0,0,0,0.00052666,0.00079061,0.0011149,0.0014771,0.0018382,0.0021491,0.0023603,0.0024352,0.0023603,0.0021491,0.0018382,0.0014771,0.0011149,0.00079061,0.00052666,0,0.0018382,0.0027595,0.0038915,0.0051554,0.006416,0.0075011,0.0082383,0.0084999,0.0082383,0.0075011,0.006416,0.0051554,0.0038915,0.0027595,0.0018382,0.0011149,0.0016737
0.0075011,0.0082383,0.0084999,0.0082383,0.0075011,0.006416,0.0051554,0.0038915,0.0027595,0.0018382,0,0,0,0,0.00079061,0.0011868,0.0016737,0.0022173,0.0027595,0.0032262,0.0035433,0.0036557,0.0035433,0.0032262,0.0027595,0.0022173,0.0016737,0.0011868,0.0029397,0.0032262,0.0045496,0.0060273,0.0075011,0.0087697,0.0096316,0.0099373,0.0096316,0.0087697,0.0075011,0.0060273,0.0045496,0.0032262,0.0021491,0,0,0.00079061,0.0011868,0.0016737,0.0022173,0.0027595,0.0032262,0.0035433,0.0036557,0.0035433,0.0032262,0.0027595,0.0022173,0.0016737,0.0011868,0.00079061,0,0.0014771,0.0022173,0.0031269,0.0041425,0.0051554,0.0060273,0.0066197,0.0068298,0.0066197,0.0060273,0.0051554,0.0041425,0.0031269,0.0022173,0.0014771,0,0,0,0.00079061,0.0011868,0.0016737,0.0022173,0.0027595,0.0032262,0.0035433,0.0036557,0.0035433,0.0032262,0.0027595,0.0022173,0.0016737,0.0011868,0.00079061,0,0.0021491,0.0032262,0.0045496,0.0060273,0.0075011,0.0087697,0.0096316,0.0099373,0.0096316,0.0087697,0.0075011,0.0060273,0.0045496,0.0032262,0.0021491,0.0014771,0.0022173
0.0087697,0.0096316,0.0099373,0.0096316,0.0087697,0.0075011,0.0060273,0.0045496,0.0032262,0.0021491,0,0,0,0,0.0011149,0.0016737,0.0023603,0.0031269,0.0038915,0.0045496,0.0049968,0.0051554,0.0049968,0.0045496,0.0038915,0.0031269,0.0023603,0.0016737,0.0034753,0.0035433,0.0049968,0.0066197,0.0082383,0.0096316,0.010578,0.010914,0.010578,0.0096316,0.0082383,0.0066197,0.0049968,0.0035433,0.0023603,0,0,0.0011149,0.0016737,0.0023603,0.0031269,0.0038915,0.0045496,0.0049968,0.0051554,0.0049968,0.0045496,0.0038915,0.0031269,0.0023603,0.0016737,0.0011149,0,0.0018382,0.0027595,0.0038915,0.0051554,0.006416,0.0075011,0.0082383,0.0084999,0.0082383,0.0075011,0.006416,0.0051554,0.0038915,0.0027595,0.0018382,0,0,0,0.0011149,0.0016737,0.0023603,0.0031269,0.0038915,0.0045496,0.0049968,0.0051554,0.0049968,0.0045496,0.0038915,0.0031269,0.0023603,0.0016737,0.0011149,0,0.0023603,0.0035433,0.0049968,0.0066197,0.0082383,0.0096316,0.010578,0.010914,0.010578,0.0096316,0.0082383,0.0066197,0.0049968,0.0035433,0.0023603,0.0018382,0.0027595
0.0096316,0.010578,0.010914,0.010578,0.0096316,0.0082383,0.0066197,0.0049968,0.0035433,0.0023603,0,0,0,0,0.0014771,0.0022173,0.0031269,0.0041425,0.0051554,0.0060273,0.0066197,0.0068298,0.0066197,0.0060273,0.0051554,0.0041425,0.0031269,0.0022173,0.0039123,0.0036557,0.0051554,0.0068298,0.0084999,0.0099373,0.010914,0.01126,0.010914,0.0099373,0.0084999,0.0068298,0.0051554,0.0036557,0.0024352,0,0,0.0014771,0.0022173,0.0031269,0.0041425,0.0051554,0.0060273,0.0066197,0.0068298,0.0066197,0.0060273,0.0051554,0.0041425,0.0031269,0.0022173,0.0014771,0,0.0021491,0.0032262,0.0045496,0.0060273,0.0075011,0.0087697,0.0096316,0.0099373,0.0096316,0.0087697,0.0075011,0.0060273,0.0045496,0.0032262,0.0021491,0,0,0,0.0014771,0.0022173,0.0031269,0.0041425,0.0051554,0.0060273,0.0066197,0.0068298,0.0066197,0.0060273,0.0051554,0.0041425,0.0031269,0.0022173,0.0014771,0,0.0024352,0.0036557,0.0051554,0.0068298,0.0084999,0.0099373,0.010914,0.01126,0.010914,0.0099373,0.0084999,0.0068298,0.0051554,0.0036557,0.0024352,0.0021491,0.0032262
0.0099373,0.010914,0.01126,0.010914,0.0099373,0.0084999,0.0068298,0.0051554,0.0036557,0.0024352,0,0,0,0,0.0018382,0.0027595,0.0038915,0.0051554,0.006416,0.0075011,0.0082383,0.0084999,0.0082383,0.0075011,0.006416,0.0051554,0.0038915,0.0027595,0.0041985,0.0035433,0.0049968,0.0066197,0.0082383,0.0096316,0.010578,0.010914,0.010578,0.0096316,0.0082383,0.0066197,0.0049968,0.0035433,0.0023603,0,0,0.0018382,0.0027595,0.0038915,0.0051554,0.006416,0.0075011,0.0082383,0.0084999,0.0082383,0.0075011,0.006416,0.0051554,0.0038915,0.0027595,0.0018382,0,0.0023603,0.0035433,0.0049968,0.0066197,0.0082383,0.0096316,0.010578,0.010914,0.010578,0.0096316,0.0082383,0.0066197,0.0049968,0.0035433,0.0023603,0,0,0,0.0018382,0.0027595,0.0038915,0.0051554,0.006416,0.0075011,0.0082383,0.0084999,0.0082383,0.0075011,0.006416,0.0051554,0.0038915,0.0027595,0.0018382,0,0.0023603,0.0035433,0.0049968,0.0066197,0.0082383,0.0096316,0.010578,0.010914,0.010578,0.0096316,0.0082383,0.0066197,0.0049968,0.0035433,0.0023603,0.0023603,0.0035433
0.0096316,0.010578,0.010914,0.010578,0.0096316,0.0082383,0.0066197,0.0049968,0.0035433,0.0023603,0,0,0,0,0.0021491,0.0032262,0.0045496,0.0060273,0.0075011,0.0087697,0.0096316,0.0099373,0.0096316,0.0087697,0.0075011,0.0060273,0.0045496,0.0032262,0.0042982,0.0032262,0.0045496,0.0060273,0.0075011,0.0087697,0.0096316,0.0099373,0.0096316,0.0087697,0.0075011,0.0060273,0.0045496,0.0032262,0.0021491,0,0,0.0021491,0.0032262,0.0045496,0.0060273,0.0075011,0.0087697,0.0096316,0.0099373,0.0096316,0.0087697,0.0075011,0.0060273,0.0045496,0.0032262,0.0021491,0,0.0024352,0.0036557,0.0051554,0.0068298,0.0084999,0.0099373,0.010914,0.01126,0.010914,0.0099373,0.0084999,0.0068298,0.0051554,0.0036557,0.0024352,0,0,0,0.0021491,0.0032262,0.0045496,0.0060273,0.0075011,0.0087697,0.0096316,0.0099373,0.0096316,0.0087697,0.0075011,0.0060273,0.0045496,0.0032262,0.0021491,0,0.0021491,0.0032262,0.0045496,0.0060273,0.0075011,0.0087697,0.0096316,0.0099373,0.0096316,0.0087697,0.0075011,0.0060273,0.0045496,0.0032262,0.0021491,0.0024352,0.0036557
0.0087697,0.0096316,0.0099373,0.0096316,0.0087697,0.0075011,0.0060273,0.0045496,0.0032262,0.0021491,0,0,0,0,0.0023603,0.0035433,0.0049968,0.0066197,0.0082383,0.0096316,0.010578,0.010914,0.010578,0.0096316,0.0082383,0.0066197,0.0049968,0.0035433,0.0041985,0.0027595,0.0038915,0.0051554,0.006416,0.0075011,0.0082383,0.0084999,0.0082383,0.0075011,0.006416,0.0051554,0.0038915,0.0027595,0.0018382,0,0,0.0023603,0.0035433,0.0049968,0.0066197,0.0082383,0.0096316,0.010578,0.010914,0.010578,0.0096316,0.0082383,0.0066197,0.0049968,0.0035433,0.0023603,0,0.0023603,0.0035433,0.0049968,0.0066197,0.0082383,0.0096316,0.010578,0.010914,0.010578,0.0096316,0.0082383,0.0066197,0.0049968,0.0035433,0.0023603,0,0,0,0.0023603,0.0035433,0.0049968,0.0066197,0.0082383,0.0096316,0.010578,0.010914,0.010578,0.0096316,0.0082383,0.0066197,0.0049968,0.0035433,0.0023603,0,0.0018382,0.0027595,0.0038915,0.0051554,0.006416,0.0075011,0.0082383,0.0084999,0.0082383,0.0075011,0.006416,0.0051554,0.0038915,0.0027595,0.0018382,0.0023603,0.0035433
0.0075011,0.0082383,0.0084999,0.0082383,0.0075011,0.006416,0.0051554,0.0038915,0.0027595,0.0018382,0,0,0,0,0.0024352,0.0036557,0.0051554,0.0068298,0.0084999,0.0099373,0.010914,0.01126,0.010914,0.0099373,0.0084999,0.0068298,0.0051554,0.0036557,0.0039123,0.0022173,0.0031269,0.0041425,0.0051554,0.0060273,0.0066197,0.0068298,0.0066197,0.0060273,0.0051554,0.0041425,0.0031269,0.0022173,0.0014771,0,0,0.0024352,0.0036557,0.0051554,0.0068298,0.0084999,0.0099373,0.010914,0.01126,0.010914,0.0099373,0.0084999,0.0068298,0.0051554,0.0036557,0.0024352,0,0.0021491,0.0032262,0.0045496,0.0060273,0.0075011,0.0087697,0.0096316,0.0099373,0.0096316,0.0087697,0.0075011,0.0060273,0.0045496,0.0032262,0.0021491,0,0,0,0.0024352,0.0036557,0.0051554,0.0068298,0.0084999,0.0099373,0.010914,0.01126,0.010914,0.0099373,0.0084999,0.0068298,0.0051554,0.0036557,0.0024352,0,0.0014771,0.0022173,0.0031269,0.0041425,0.0051554,0.0060273,0.0066197,0.0068298,0.0066197,0.0060273,0.0051554,0.0041425,0.0031269,0.0022173,0.0014771,0.0021491,0.0032262
0.006554,0.0074103,0.0079448,0.0080967,0.0078655,0.0073045,0.0065028,0.0055622,0.0045776,0.0036262,0.0018382,0.0014771,0.0011149,0.00079061,0.002887,0.0035433,0.0049968,0.0066197,0.0082383,0.0096316,0.010578,0.010914,0.010578,0.0096316,0.0082383,0.0066197,0.0049968,0.0035433,0.0034753,0.0016737,0.0023603,0.0031269,0.0038915,0.0045496,0.0049968,0.0051554,0.0049968,0.0045496,0.0038915,0.0031269,0.0023603,0.0016737,0.0011149,0,0,0.0023603,0.0035433,0.0049968,0.0066197,0.0082383,0.0096316,0.010578,0.010914,0.010578,0.0096316,0.0082383,0.0066197,0.0049968,0.0035433,0.0023603,0,0.0018382,0.0027595,0.0038915,0.0051554,0.006416,0.0075011,0.0082383,0.0084999,0.0082383,0.0075011,0.006416,0.0051554,0.0038915,0.0027595,0.0018382,0,0,0,0.0023603,0.0035433,0.0049968,0.0066197,0.0082383,0.0096316,0.010578,0.010914,0.010578,0.0096316,0.0082383,0.0066197,0.0049968,0.0035433,0.0023603,0,0.0011149,0.0016737,0.0023603,0.0031269,0.0038915,0.0045496,0.0049968,0.0051554,0.0049968,0.0045496,0.0038915,0.0031269,0.0023603,0.0016737,0.0011149,0.0018382,0.0027595
0.0053403,0.0061837,0.0068291,0.0072141,0.0073091,0.0071177,0.0066702,0.0060161,0.005217,0.0043411,0.0027595,0.0022173,0.0016737,0.0011868,0.0029397,0.0032262,0.0045496,0.0060273,0.0075011,0.0087697,0.0096316,0.0099373,0.0096316,0.0087697,0.0075011,0.0060273,0.0045496,0.0032262,0.0029397,0.0011868,0.0016737,0.0022173,0.0027595,0.0032262,0.0035433,0.0036557,0.0035433,0.0032262,0.0027595,0.0022173,0.0016737,0.0011868,0.00079061,0,0,0.0021491,0.0032262,0.0045496,0.0060273,0.0075011,0.0087697,0.0096316,0.0099373,0.0096316,0.0087697,0.0075011,0.0060273,0.0045496,0.0032262,0.0021491,0,0.0014771,0.0022173,0.0031269,0.0041425,0.0051554,0.0060273,0.0066197,0.0068298,0.0066197,0.0060273,0.0051554,0.0041425,0.0031269,0.0022173,0.0014771,0,0,0,0.0021491,0.0032262,0.0045496,0.0060273,0.0075011,0.0087697,0.0096316,0.0099373,0.0096316,0.0087697,0.0075011,0.0060273,0.0045496,0.0032262,0.0021491,0,0.00079061,0.0011868,0.0016737,0.0022173,0.0027595,0.0032262,0.0035433,0.0036557,0.0035433,0.0032262,0.0027595,0.0022173,0.0016737,0.0011868,0.00079061,0.0014771,0.0022173
0.0043411,0.005217,0.0060161,0.0066702,0.0071177,0.0073091,0.0072141,0.0068291,0.0061837,0.0053403,0.0038915,0.0031269,0.0023603,0.0016737,0.0029532,0.0027595,0.0038915,0.0051554,0.006416,0.0075011,0.0082383,0.0084999,0.0082383,0.0075011,0.006416,0.0051554,0.0038915,0.0027595,0.0023649,0.00079061,0.0011149,0.0014771,0.0018382,0.0021491,0.0023603,0.0024352,0.0023603,0.0021491,0.0018382,0.0014771,0.0011149,0.00079061,0.00052666,0,0,0.0018382,0.0027595,0.0038915,0.0051554,0.006416,0.0075011,0.0082383,0.0084999,0.0082383,0.0075011,0.006416,0.0051554,0.0038915,0.0027595,0.0018382,0,0.0011149,0.0016737,0.0023603,0.0031269,0.0038915,0.0045496,0.0049968,0.0051554,0.0049968,0.0045496,0.0038915,0.0031269,0.0023603,0.0016737,0.0011149,0,0,0,0.0018382,0.0027595,0.0038915,0.0051554,0.006416,0.0075011,0.0082383,0.0084999,0.0082383,0.0075011,0.006416,0.0051554,0.0038915,0.0027595,0.0018382,0,0.00052666,0.00079061,0.0011149,0.0014771,0.0018382,0.0021491,0.0023603,0.0024352,0.0023603,0.0021491,0.0018382,0.0014771,0.0011149,0.00079061,0.00052666,0.0011149,0.0016737
0.0036262,0.0045776,0.0055622,0.0065028,0.0073045,0.0078655,0.0080967,0.0079448,0.0074103,0.006554,0.0051554,0.0041425,0.0031269,0.0022173,0.0029541,0.0022173,0.0031269,0.0041425,0.0051554,0.0060273,0.0066197,0.0068298,0.0066197,0.0060273,0.0051554,0.0041425,0.0031269,0.0022173,0.0014771,0,0,0,0,0,0,0,0,0,0,0,0,0,0,0,0,0.0014771,0.0022173,0.0031269,0.0041425,0.0051554,0.0060273,0.0066197,0.0068298,0.0066197,0.0060273,0.0051554,0.0041425,0.0031269,0.0022173,0.0014771,0,0.00079061,0.0011868,0.0016737,0.0022173,0.0027595,0.0032262,0.0035433,0.0036557,0.0035433,0.0032262,0.0027595,0.0022173,0.0016737,0.0011868,0.00079061,0,0,0,0.0014771,0.0022173,0.0031269,0.0041425,0.0051554,0.0060273,0.0066197,0.0068298,0.0066197,0.0060273,0.0051554,0.0041425,0.0031269,0.0022173,0.0014771,0,0,0,0,0,0,0,0,0,0,0,0,0,0,0,0,0.00079061,0.0011868
0.0018382,0.0027595,0.0038915,0.0051554,0.006416,0.0075011,0.0082383,0.0084999,0.0082383,0.0075011,0.006416,0.0051554,0.0038915,0.0027595,0.0029532,0.0016737,0.0023603,0.0031269,0.0038915,0.0045496,0.0049968,0.0051554,0.0049968,0.0045496,0.0038915,0.0031269,0.0023603,0.0016737,0.0016416,0.00079061,0.0011149,0.0014771,0.0018382,0.0021491,0.0023603,0.0024352,0.0023603,0.0021491,0.0018382,0.0014771,0.0011149,0.00079061,0.00052666,0,0,0.0011149,0.0016737,0.002887,0.0039175,0.0050065,0.0060267,0.006835,0.0073045,0.0073571,0.0069849,0.0062518,0.005276,0.0041985,0.0031508,0.0022299,0.00079061,0.0010533,0.00079061,0.0011149,0.0020037,0.0026288,0.003264,0.0038374,0.0042735,0.0045094,0.0045094,0.0042735,0.0038374,0.003264,0.0026288,0.0020037,0.0011149,0.00079061,0.00052666,0.0011149,0.0016737,0.0023603,0.0031269,0.0038915,0.0045496,0.0049968,0.0051554,0.0049968,0.0045496,0.0038915,0.0031269,0.0023603,0.0016737,0.0011149,0,0,0,0,0,0,0,0,0,0,0,0,0,0,0,0,0.00052666,0.00079061
0.0021491,0.0032262,0.0045496,0.0060273,0.0075011,0.0087697,0.0096316,0.0099373,0.0096316,0.0087697,0.0075011,0.0060273,0.0045496,0.0032262,0.0029397,0.0011868,0.0022004,0.0030079,0.0038744,0.0047032,0.0053815,0.0058048,0.0059036,0.0056614,0.0051198,0.0043664,0.0035119,0.0026639,0.0026962,0.0019775,0.0022004,0.0022173,0.0027595,0.0032262,0.0035433,0.0036557,0.0035433,0.0032262,0.0027595,0.0022173,0.0016737,0.0011868,0.00079061,0,0,0.00079061,0.0011868,0.0024643,0.0034042,0.0044332,0.0054435,0.0063028,0.0068819,0.0070865,0.0068819,0.0063028,0.0054435,0.0044332,0.0034042,0.0024643,0.0011868,0.00079061,0,0,0.00079061,0.0011868,0.0016737,0.0022173,0.0027595,0.0032262,0.0035433,0.0036557,0.0035433,0.0032262,0.0027595,0.0022173,0.0016737,0.0011868,0.00079061,0.00079061,0.0011868,0.0016737,0.0022173,0.0027595,0.0032262,0.0035433,0.0036557,0.0035433,0.0032262,0.0027595,0.0022173,0.0016737,0.0011868,0.00079061,0,0,0,0.00052666,0.00079061,0.0011149,0.0014771,0.0018382,0.0021491,0.0023603,0.0024352,0.0023603,0.0021491,0.0018382,0.0014771,0.0011149,0.00079061,0.00052666
0.0023603,0.0035433,0.0049968,0.0066197,0.0082383,0.0096316,0.010578,0.010914,0.010578,0.0096316,0.0082383,0.0066197,0.0049968,0.0035433,0.002887,0.00079061,0.0019055,0.0026639,0.0035119,0.0043664,0.0051198,0.0056614,0.0059036,0.0058048,0.0053815,0.0047032,0.0038744,0.0030079,0.0033153,0.0028606,0.0031509,0.0031269,0.0038915,0.0045496,0.0049968,0.0051554,0.0049968,0.0045496,0.0038915,0.0031269,0.0023603,0.0016737,0.0011149,0,0,0.00052666,0.00079061,0.0022299,0.0031508,0.0041985,0.005276,0.0062518,0.0069849,0.0073571,0.0073045,0.006835,0.0060267,0.0050065,0.0039175,0.002887,0.0016737,0.0011149,0,0,0.0011149,0.0016737,0.0023603,0.0031269,0.0038915,0.0045496,0.0049968,0.0051554,0.0049968,0.0045496,0.0038915,0.0031269,0.0023603,0.0016737,0.0011149,0.0010533,0.0015812,0.0022299,0.0029541,0.0036764,0.0042982,0.0047206,0.0048705,0.0047206,0.0042982,0.0036764,0.0029541,0.0022299,0.0015812,0.0010533,0,0,0,0.00079061,0.0011868,0.0016737,0.0022173,0.0027595,0.0032262,0.0035433,0.0036557,0.0035433,0.0032262,0.0027595,0.0022173,0.0016737,0.0011868,0.00079061
0.0024352,0.0036557,0.0051554,0.0068298,0.0084999,0.0099373,0.010914,0.01126,0.010914,0.0099373,0.0084999,0.0068298,0.0051554,0.0036557,0.0024352,0,0.0011149,0.0016737,0.0023603,0.0031269,0.0038915,0.0045496,0.0049968,0.0051554,0.0049968,0.0045496,0.0038915,0.0031269,0.0038374,0.003891,0.0042419,0.0041425,0.0051554,0.0060273,0.0066197,0.0068298,0.0066197,0.0060273,0.0051554,0.0041425,0.0031269,0.0022173,0.0014771,0,0,0,0,0.0014771,0.0022173,0.0031269,0.0041425,0.0051554,0.0060273,0.0066197,0.0068298,0.0066197,0.0060273,0.0051554,0.0041425,0.0031269,0.0022173,0.0014771,0,0,0.0014771,0.0022173,0.0031269,0.0041425,0.0051554,0.0060273,0.0066197,0.0068298,0.0066197,0.0060273,0.0051554,0.0041425,0.0031269,0.0022173,0.0014771,0.00079061,0.0011868,0.0016737,0.0022173,0.0027595,0.0032262,0.0035433,0.0036557,0.0035433,0.0032262,0.0027595,0.0022173,0.0016737,0.0011868,0.00079061,0,0,0,0.0011149,0.0016737,0.0023603,0.0031269,0.0038915,0.0045496,0.0049968,0.0051554,0.0049968,0.0045496,0.0038915,0.0031269,0.0023603,0.0016737,0.0011149
0.0023603,0.0035433,0.0049968,0.0066197,0.0082383,0.0096316,0.010578,0.010914,0.010578,0.0096316,0.0082383,0.0066197,0.0049968,0.0035433,0.0023603,0,0.0014771,0.0022173,0.0031269,0.0041425,0.0051554,0.0060273,0.0066197,0.0068298,0.0066197,0.0060273,0.0051554,0.0041425,0.0049651,0.0049768,0.0053686,0.0051554,0.006416,0.0075011,0.0082383,0.0084999,0.0082383,0.0075011,0.006416,0.0051554,0.0038915,0.0027595,0.0018382,0,0,0,0,0.0018382,0.0027595,0.0038915,0.0051554,0.006416,0.0075011,0.0082383,0.0084999,0.0082383,0.0075011,0.006416,0.0051554,0.0038915,0.0027595,0.0018382,0,0,0.0018382,0.0027595,0.0038915,0.0051554,0.006416,0.0075011,0.0082383,0.0084999,0.0082383,0.0075011,0.006416,0.0051554,0.0038915,0.0027595,0.0018382,0.0011149,0.0016737,0.0023603,0.0031269,0.0038915,0.0045496,0.0049968,0.0051554,0.0049968,0.0045496,0.0038915,0.0031269,0.0023603,0.0016737,0.0011149,0,0,0,0.0014771,0.0022173,0.0031269,0.0041425,0.0051554,0.0060273,0.0066197,0.0068298,0.0066197,0.0060273,0.0051554,0.0041425,0.0036536,0.0030079,0.002592
0.0021491,0.0032262,0.0045496,0.0060273,0.0075011,0.0087697,0.0096316,0.0099373,0.0096316,0.0087697,0.0075011,0.0060273,0.0045496,0.0032262,0.0021491,0,0.0018382,0.0027595,0.0038915,0.0051554,0.006416,0.0075011,0.0082383,0.0084999,0.0082383,0.0075011,0.006416,0.0051554,0.0060406,0.0059857,0.0063879,0.0060273,0.0075011,0.0087697,0.0096316,0.0099373,0.0096316,0.0087697,0.0075011,0.0060273,0.0045496,0.0032262,0.0021491,0,0,0,0,0.0021491,0.0032262,0.0045496,0.0060273,0.0075011,0.0087697,0.0096316,0.0099373,0.0096316,0.0087697,0.0075011,0.0060273,0.0045496,0.0032262,0.0021491,0,0,0.0021491,0.0032262,0.0045496,0.0060273,0.0075011,0.0087697,0.0096316,0.0099373,0.0096316,0.0087697,0.0075011,0.0060273,0.0045496,0.0032262,0.0021491,0.0014771,0.0022173,0.0031269,0.0041425,0.0051554,0.0060273,0.0066197,0.0068298,0.0066197,0.0060273,0.0051554,0.0041425,0.0031269,0.0022173,0.0014771,0,0,0,0.0018382,0.0027595,0.0038915,0.0051554,0.006416,0.0075011,0.0082383,0.0084999,0.0082383,0.0075011,0.006416,0.0051554,0.0046821,0.0039463,0.0035119
0.0018382,0.0027595,0.0038915,0.0051554,0.006416,0.0075011,0.0082383,0.0084999,0.0082383,0.0075011,0.006416,0.0051554,0.0038915,0.0027595,0.0018382,0,0.0021491,0.0032262,0.0045496,0.0060273,0.0075011,0.0087697,0.0096316,0.0099373,0.0096316,0.0087697,0.0075011,0.0060273,0.00691,0.0067694,0.0071459,0.0066197,0.0082383,0.0096316,0.010578,0.010914,0.010578,0.0096316,0.0082383,0.0066197,0.0049968,0.0035433,0.0023603,0,0,0,0,0.0023603,0.0035433,0.0049968,0.0066197,0.0082383,0.0096316,0.010578,0.010914,0.010578,0.0096316,0.0082383,0.0066197,0.0049968,0.0035433,0.0023603,0,0,0.0023603,0.0035433,0.0049968,0.0066197,0.0082383,0.0096316,0.010578,0.010914,0.010578,0.0096316,0.0082383,0.0066197,0.0049968,0.0035433,0.0023603,0.0018382,0.0027595,0.0038915,0.0051554,0.006416,0.0075011,0.0082383,0.0084999,0.0082383,0.0075011,0.006416,0.0051554,0.0038915,0.0027595,0.0018382,0,0,0,0.0021491,0.0032262,0.0045496,0.0060273,0.0075011,0.0087697,0.0096316,0.0099373,0.0096316,0.0087697,0.0075011,0.0060273,0.0056646,0.0048999,0.0045094
0.0014771,0.0022173,0.0031269,0.0041425,0.0051554,0.0060273,0.0066197,0.0068298,0.0066197,0.0060273,0.0051554,0.0041425,0.0031269,0.0022173,0.0014771,0,0.0023603,0.0035433,0.0049968,0.0066197,0.0082383,0.0096316,0.010578,0.010914,0.010578,0.0096316,0.0082383,0.0066197,0.0074321,0.007199,0.0075157,0.0068298,0.0084999,0.0099373,0.010914,0.01126,0.010914,0.0099373,0.0084999,0.0068298,0.0051554,0.0036557,0.0024352,0,0,0,0,0.0024352,0.0036557,0.0051554,0.0068298,0.0084999,0.0099373,0.010914,0.01126,0.010914,0.0099373,0.0084999,0.0068298,0.0051554,0.0036557,0.0024352,0,0,0.0024352,0.0036557,0.0051554,0.0068298,0.0084999,0.0099373,0.010914,0.01126,0.010914,0.0099373,0.0084999,0.0068298,0.0051554,0.0036557,0.0024352,0.0021491,0.0032262,0.0045496,0.0060273,0.0075011,0.0087697,0.0096316,0.0099373,0.0096316,0.0087697,0.0075011,0.0060273,0.0045496,0.0032262,0.0021491,0,0,0,0.0023603,0.0035433,0.0049968,0.0066197,0.0082383,0.0096316,0.010578,0.010914,0.010578,0.0096316,0.0082383,0.0066197,0.0064739,0.0057606,0.0054872
